# Function get_input_file process 9 lines as input, whose first char is '|'.

+-------+-------+-------+
| 0 0 0 | 0 9 5 | 0 0 0 |
| 1 0 0 | 6 0 0 | 0 5 3 |
| 5 0 0 | 0 8 0 | 0 0 6 |
+-------+-------+-------+
| 0 0 0 | 0 3 2 | 0 0 5 |
| 9 0 6 | 0 0 7 | 8 0 0 |
| 0 0 0 | 0 0 0 | 0 0 0 |
+-------+-------+-------+
| 2 0 0 | 0 0 0 | 6 0 0 |
| 0 4 0 | 1 0 0 | 7 0 2 |
| 0 8 0 | 0 0 0 | 0 3 0 |
+-------+-------+-------+


# A question and it's answer for test.
+-------+-------+-------+
| 0 0 0 | 0 5 0 | 0 0 0 |
| 0 8 2 | 0 0 0 | 0 0 0 |
| 0 6 0 | 0 2 9 | 4 0 0 |
+-------+-------+-------+
| 0 0 0 | 0 0 0 | 3 9 0 |
| 7 0 0 | 1 4 0 | 0 2 0 |
| 0 0 8 | 2 0 0 | 1 0 0 |
+-------+-------+-------+
| 8 0 9 | 0 0 0 | 0 0 0 |
| 5 0 7 | 0 0 0 | 0 6 8 |
| 0 0 3 | 0 0 4 | 0 0 0 |
+-------+-------+-------+
+-------+-------+-------+
| 9 7 4 | 8 5 1 | 6 3 2 |
| 1 8 2 | 4 3 6 | 7 5 9 |
| 3 6 5 | 7 2 9 | 4 8 1 |
+-------+-------+-------+
| 2 5 1 | 6 7 8 | 3 9 4 |
| 7 9 6 | 1 4 3 | 8 2 5 |
| 4 3 8 | 2 9 5 | 1 7 6 |
+-------+-------+-------+
| 8 1 9 | 5 6 7 | 2 4 3 |
| 5 4 7 | 3 1 2 | 9 6 8 |
| 6 2 3 | 9 8 4 | 5 1 7 |
+-------+-------+-------+

# A empty grid
+-------+-------+-------+
| 0 0 0 | 0 0 0 | 0 0 0 |
| 0 0 0 | 0 0 0 | 0 0 0 |
| 0 0 0 | 0 0 0 | 0 0 0 |
+-------+-------+-------+
| 0 0 0 | 0 0 0 | 0 0 0 |
| 0 0 0 | 0 0 0 | 0 0 0 |
| 0 0 0 | 0 0 0 | 0 0 0 |
+-------+-------+-------+
| 0 0 0 | 0 0 0 | 0 0 0 |
| 0 0 0 | 0 0 0 | 0 0 0 |
| 0 0 0 | 0 0 0 | 0 0 0 |
+-------+-------+-------+